NumberOne NumberOnePlusFourNineNine Sampler AncientHistorian WowThisGameIsSoDeep FindCampers SabotageCampers 
1 500 999 500 814 751 1 
1 500 999 500 218 251 1 
1 500 314 718 767 750 1 
1 500 620 588 489 751 1 
1 500 377 174 474 751 1 
1 500 277 267 320 751 1 
1 500 267 844 288 751 1 
1 500 212 657 855 751 500 
1 500 820 142 933 751 1 
1 500 616 397 478 751 751 
1 500 414 237 276 751 751 
1 500 251 158 283 751 751 
1 500 251 123 648 751 1 
1 500 207 352 627 251 1 
1 500 909 364 507 751 751 
1 500 848 150 70 751 500 
1 500 852 340 841 751 1 
1 500 409 333 186 751 500 
1 500 282 228 170 751 751 
1 500 251 357 541 751 500 
1 500 628 115 236 751 751 
1 500 910 131 785 751 751 
1 500 909 305 102 751 751 
1 500 315 327 178 751 500 
1 500 270 199 552 251 751 
1 500 251 384 618 251 751 
1 500 409 110 771 251 751 
1 500 846 136 423 251 751 
1 500 883 885 777 251 251 
1 500 900 640 735 751 751 
1 500 651 346 80 751 251 
1 500 343 163 751 751 500 
1 500 379 192 326 751 251 
1 500 207 127 403 751 500 
1 500 129 95 200 751 500 
1 500 878 603 46 751 1 
1 500 871 598 566 751 500 
1 500 664 298 986 751 500 
1 500 282 154 501 751 500 
1 500 251 146 794 251 1 
1 500 215 106 818 751 500 
1 500 92 360 669 751 500 
1 500 642 182 296 751 500 
1 500 882 166 105 751 751 
1 500 885 309 869 751 500 
1 500 251 224 755 751 500 
1 500 251 336 583 751 1 
1 500 368 189 138 751 1 
1 500 382 302 233 751 1 
1 500 647 349 182 751 500 
1 500 841 896 149 251 500 
1 500 849 918 57 751 500 
1 500 682 322 897 751 500 
1 500 678 221 395 751 1 
1 500 230 292 441 751 500 
1 500 287 119 242 751 751 
1 500 168 160 25 751 500 
1 500 927 354 655 751 1 
1 500 867 311 353 751 1 
1 500 854 203 143 751 500 
1 500 589 371 180 751 1 
1 500 599 272 448 251 1 
1 500 251 634 686 751 751 
1 500 680 117 794 751 1 
1 500 99 330 920 751 1 
1 500 205 300 672 751 1 
1 500 373 373 322 751 751 
1 500 386 226 726 751 1 
1 500 251 263 250 751 500 
1 500 585 194 869 751 500 
1 500 873 156 358 751 751 
1 500 908 217 733 751 500 
1 500 88 274 308 251 1 
1 500 85 172 923 751 500 
1 500 394 338 264 751 500 
1 500 610 623 711 751 1 
1 500 667 196 810 751 751 
1 500 838 222 245 751 500 
1 500 245 134 906 751 751 
1 500 124 294 572 751 1 
1 500 310 318 282 751 751 
1 500 354 187 684 751 500 
1 500 631 164 666 751 751 
1 500 854 211 60 251 500 
1 500 88 152 776 751 1 
1 500 923 342 92 751 751 
1 500 304 271 202 751 1 
1 500 381 389 158 751 500 
1 500 592 232 857 751 500 
1 500 605 261 739 751 751 
1 500 882 234 388 751 500 
1 500 92 220 637 751 1 
1 500 92 290 872 751 500 
1 500 150 265 512 751 500 
1 500 179 239 799 251 1 
1 500 825 334 237 751 751 
1 500 675 347 162 751 751 
1 500 650 293 180 751 751 
1 500 900 279 706 751 1 
1 500 415 366 900 751 500 
