NumberOne NumberOnePlusFourNineNine Sampler AncientHistorian CircilinearExtrapolator WowThisGameIsSoDeep 
1 500 999 500 750 217 
1 500 999 500 332 451 
1 500 332 832 82 456 
1 500 832 774 809 845 
1 500 799 236 303 888 
1 500 264 192 693 930 
1 500 192 621 641 366 
1 500 386 140 942 709 
1 500 392 667 647 836 
1 500 764 161 148 977 
1 500 111 281 644 908 
1 500 264 313 414 476 
1 500 333 735 853 888 
1 500 796 215 304 475 
1 500 669 720 933 437 
1 500 766 173 272 494 
1 500 107 124 910 205 
1 500 119 607 641 544 
1 500 630 744 171 12 
1 500 331 245 339 845 
1 500 701 702 765 975 
1 500 706 226 261 305 
1 500 203 785 781 253 
1 500 130 596 574 225 
1 500 601 729 807 576 
1 500 386 96 211 63 
1 500 76 868 725 72 
1 500 886 357 369 842 
1 500 317 679 671 210 
1 500 288 751 895 783 
1 500 593 352 388 326 
1 500 249 155 868 130 
1 500 104 686 665 513 
1 500 823 818 181 389 
1 500 826 740 317 952 
1 500 751 277 237 503 
1 500 350 625 864 470 
1 500 158 165 119 758 
1 500 124 656 631 468 
1 500 665 715 176 757 
1 500 909 241 255 11 
1 500 258 293 678 47 
1 500 379 792 803 808 
1 500 815 296 314 190 
1 500 413 614 720 58 
1 500 623 876 239 354 
1 500 898 858 764 353 
1 500 123 185 262 985 
1 500 123 690 692 399 
1 500 681 611 189 553 
1 500 590 855 89 653 
1 500 307 220 286 902 
1 500 326 737 727 724 
1 500 153 151 221 570 
1 500 140 789 728 802 
1 500 807 373 301 881 
1 500 640 363 651 324 
1 500 261 199 887 288 
1 500 917 839 705 610 
1 500 98 168 257 713 
1 500 126 404 616 485 
1 500 786 777 913 720 
1 500 763 229 292 768 
1 500 292 207 623 539 
1 500 331 179 865 326 
1 500 95 828 710 101 
1 500 107 376 364 929 
1 500 678 659 732 601 
1 500 755 217 205 914 
1 500 232 401 648 63 
1 500 295 850 846 238 
1 500 846 408 668 272 
1 500 350 145 166 812 
1 500 717 747 691 102 
1 500 732 381 272 149 
1 500 596 873 874 167 
1 500 900 345 386 802 
1 500 312 397 170 172 
1 500 232 635 762 535 
1 500 672 821 124 792 
1 500 705 343 329 456 
1 500 926 860 875 308 
1 500 897 197 406 964 
1 500 178 628 680 996 
1 500 250 605 333 364 
1 500 758 779 838 862 
1 500 743 223 290 729 
1 500 285 213 906 258 
1 500 128 637 717 308 
1 500 662 587 877 119 
1 500 400 374 308 677 
1 500 805 817 879 666 
1 500 808 195 315 390 
1 500 192 143 709 742 
1 500 162 228 380 143 
1 500 96 618 742 308 
1 500 622 633 229 149 
1 500 662 829 861 781 
1 500 828 246 300 313 
1 500 348 418 770 659 
