NumberOne NumberOnePlusFourNineNine Sampler AncientHistorian CircilinearExtrapolator WowThisGameIsSoDeep 
1 500 999 500 750 1 
1 500 999 500 278 1 
1 500 278 725 948 1 
1 500 630 608 504 1 
1 500 405 371 93 1 
1 500 356 778 620 1 
1 500 778 812 192 1 
1 500 211 312 375 1 
1 500 277 692 788 1 
1 500 684 668 394 1 
1 500 564 231 174 1 
1 500 567 741 681 1 
1 500 816 247 154 1 
1 500 198 434 590 1 
1 500 328 712 748 1 
1 500 709 302 207 1 
1 500 294 647 772 1 
1 500 643 422 177 1 
1 500 828 836 769 1 
1 500 559 340 278 1 
1 500 361 414 753 1 
1 500 234 254 841 1 
1 500 236 598 623 1 
1 500 633 444 116 1 
1 500 778 700 768 1 
1 500 731 334 278 1 
1 500 344 386 812 1 
1 500 200 580 644 1 
1 500 227 318 298 1 
1 500 231 674 708 1 
1 500 778 429 328 1 
1 500 771 585 844 1 
1 500 818 400 275 1 
1 500 620 551 676 1 
1 500 194 167 173 1 
1 500 199 440 684 1 
1 500 344 659 827 1 
1 500 748 382 232 1 
1 500 760 575 670 1 
1 500 612 309 283 1 
1 500 265 410 797 1 
1 500 170 720 668 1 
1 500 160 366 341 1 
1 500 210 594 739 1 
1 500 765 449 346 1 
1 500 635 697 843 1 
1 500 841 259 276 1 
1 500 257 419 664 1 
1 500 377 555 819 1 
1 500 170 321 228 1 
1 500 174 728 721 1 
1 500 728 602 348 1 
1 500 628 572 196 1 
1 500 656 426 801 1 
1 500 821 391 229 1 
1 500 256 315 667 1 
1 500 156 703 811 1 
1 500 746 437 347 1 
1 500 568 583 839 1 
1 500 597 305 252 1 
1 500 212 398 770 1 
1 500 209 694 633 1 
1 500 805 408 330 1 
1 500 134 715 656 1 
1 500 733 291 313 1 
1 500 281 447 805 1 
1 500 558 548 658 1 
1 500 596 364 156 1 
1 500 206 792 767 1 
1 500 841 384 351 1 
1 500 305 244 668 1 
1 500 267 705 794 1 
1 500 706 417 368 1 
1 500 571 614 862 1 
1 500 597 220 259 1 
1 500 173 755 765 1 
1 500 164 323 352 1 
1 500 309 689 730 1 
1 500 679 431 200 1 
1 500 640 639 816 1 
1 500 589 402 280 1 
1 500 233 241 792 1 
1 500 163 737 641 1 
1 500 741 389 336 1 
1 500 342 442 833 1 
1 500 836 853 673 1 
1 500 594 296 325 1 
1 500 241 249 790 1 
1 500 186 424 630 1 
1 500 631 717 787 1 
1 500 726 379 272 1 
1 500 834 412 825 1 
1 500 332 289 325 1 
1 500 232 562 794 1 
1 500 198 578 351 1 
1 500 661 696 778 1 
1 500 698 452 273 1 
1 500 832 184 818 1 
1 500 161 396 355 1 
1 500 318 606 729 1 
